START OF DATA COLLECTION 11/16/2022 9:35PM *****************************
*
Summary of data: moving along x, y, z, axies (no diagonals)
*
[ 4.31745715e-09 -4.40000008e-01  7.60000001e-01]
[-0.92340549  0.11064735 -0.73952856 -1.23352896  0.0972912   1.58627993
 -0.07629873]
[ 0.10000857 -0.43999922  0.75999995]
[-0.79413052  0.13890862 -0.64495994 -1.20032988  0.05242577  1.59140425
  0.14429411]
[ 0.04983325 -0.44028532  0.76002424]
[-0.85696798  0.11647711 -0.68692749 -1.22446299  0.06818511  1.58642193
  0.03902141]
[ 0.03999996 -0.44000001  0.76      ]
[-0.86248141  0.11369184 -0.70429341 -1.22829318  0.07348496  1.58580316
  0.01668245]
[ 0.06000012 -0.44000001  0.76      ]
[-0.83707977  0.11945105 -0.68495328 -1.22167373  0.0646653   1.58684492
  0.0608146 ]
[ 0.07999993 -0.44000002  0.76      ]
[-0.81442897  0.1278961  -0.66506916 -1.2123634   0.05770733  1.58871087
  0.10333678]
[ 0.12001445 -0.43999949  0.75999989]
[-0.77589685  0.15236653 -0.62486399 -1.18553356  0.04863683  1.59494751
  0.18371009]
[ 0.16007779 -0.43999741  0.75999909]
[-0.74468188  0.18620433 -0.58518425 -1.14738479  0.04476424  1.60477088
  0.25831987]
[ 0.18000335 -0.43999999  0.75999997]
[-0.73144036  0.20628868 -0.56593408 -1.12400542  0.0443562   1.61114915
  0.29341666]
[ 0.20012792 -0.43999808  0.75999889]
[-0.71963783  0.22862788 -0.54658119 -1.09730861  0.04466498  1.61870168
  0.32768381]
[ 0.22073588 -0.43998888  0.75999261]
[-0.70903574  0.25359953 -0.52692605 -1.06662502  0.04558665  1.62770024
  0.36163283]
[ 0.21999978 -0.44000007  0.76      ]
[-0.7092998   0.25272165 -0.52779753 -1.06772473  0.04560792  1.6273792
  0.36038422]
[ 0.23999977 -0.44000008  0.76      ]
[-0.70038451  0.27894959 -0.50884429 -1.03456175  0.0469369   1.63745344
  0.39232446]
[ 0.27303565 -0.44005708  0.76004705]
[-0.68553063  0.32747851 -0.48291754 -0.97129624  0.05186574  1.65770571
  0.44186169]
[ 0.27999973 -0.4400001   0.76      ]
[-0.68698432  0.33750475 -0.47038569 -0.95698261  0.05005429  1.66231248
  0.45369772]
[ 0.29999974 -0.44000011  0.76000001]
[-0.68260738  0.37000554 -0.45043314 -0.91184018  0.05140268  1.67753092
  0.48338936]
[ 0.31999997 -0.44000012  0.76000001]
[-0.67988231  0.4048915  -0.42960278 -0.86176183  0.05225268  1.69500231
  0.51260424]
[ 0.34175681 -0.43997931  0.75996653]
[-0.67860042  0.4458819  -0.40597663 -0.80097134  0.05248858  1.71695789
  0.5439614 ]
[ 0.33999968 -0.44000013  0.76000002]
[-0.67891353  0.44247866 -0.40749141 -0.8059642   0.05225174  1.71514854
  0.54149152]
[ 0.29997001 -0.4399995   0.75999913]
[-0.68258198  0.36995824 -0.450514   -0.91191618  0.05142412  1.6775046
  0.4833356 ]
[ 0.27065072 -0.44012893  0.76011403]
[-0.69770589  0.32222622 -0.46691137 -0.97573128  0.04444342  1.65611864
  0.4421836 ]
[ 0.25999979 -0.44000007  0.76      ]
[-0.69293093  0.30719146 -0.48977342 -0.99775166  0.04848759  1.6490338
  0.42338727]
[ 0.13999662 -0.43999977  0.75999985]
[-0.75947211  0.16813616 -0.6049934  -1.16794599  0.04615866  1.59937453
  0.22160928]
[ 0.099697   -0.4399892   0.75999707]
[-0.79425966  0.138701   -0.64545194 -1.20057655  0.0525141   1.5913452
  0.14366341]
[ 0.09999998 -0.44000002  0.76      ]
[-0.7941394   0.13890597 -0.64497042 -1.20033312  0.05242979  1.59140372
  0.14427507]
[ 0.05999995 -0.44000001  0.76      ]
[-0.83707966  0.11945103 -0.68495382 -1.22167378  0.06466545  1.58684492
  0.06081419]
[-0.04000027 -0.43999999  0.76      ]
[-1.00104747  0.11924797 -0.76639538 -1.2281312   0.12968052  1.59048267
 -0.17471698]
[-0.04337779 -0.44003578  0.75999533]
[-1.00645082  0.12087057 -0.77072261 -1.22709262  0.13338214  1.59111299
 -0.18361221]
[-0.09999984 -0.44000005  0.76      ]
[-1.15349876  0.15288469 -0.78155959 -1.19992399  0.19189119  1.604759
 -0.32713237]
[-0.12023517 -0.43999492  0.75999949]
[-1.21434929  0.1690451  -0.77819607 -1.18487523  0.21505683  1.61184227
 -0.37783581]
[-0.14021601 -0.4399953   0.75999929]
[-1.27778042  0.18710498 -0.77127033 -1.16717131  0.23844696  1.6199817
 -0.4267706 ]
[-0.13999981 -0.44000006  0.75999999]
[-1.276741    0.18697759 -0.77184043 -1.16736123  0.23833426  1.61991677
 -0.42633784]
[-0.1599999  -0.44000006  0.75999999]
[-1.34312935  0.20685639 -0.76116421 -1.14679018  0.26173257  1.62913877
 -0.47365009]
[-0.1801845  -0.43999571  0.75999906]
[-1.41277345  0.22849044 -0.74621262 -1.12303332  0.28472669  1.63945639
 -0.51911226]
[-0.17999979 -0.44000007  0.75999999]
[-1.41178556  0.22837203 -0.74687589 -1.12324826  0.28469001  1.63939491
 -0.51881012]
[-0.19999978 -0.44000008  0.75999999]
[-1.48208578  0.2513878  -0.72917694 -1.09662204  0.30682877  1.65063425
 -0.56141837]
[-0.22004218 -0.43999894  0.75999975]
[-1.55375058  0.27584022 -0.70801054 -1.06670443  0.32778061  1.66282578
 -0.60117529]
[-0.24000117 -0.44000005  0.75999999]
[-1.6255866   0.30161787 -0.68409303 -1.0334944   0.34726844  1.67590502
 -0.63764835]
[-0.25999978 -0.4400001   0.76      ]
[-1.698012    0.32881349 -0.6567922  -0.99657113  0.36489992  1.68990908
 -0.67070992]
[-0.28009956 -0.43999669  0.75999912]
[-1.77110672  0.3575808  -0.62568872 -0.95547577  0.38025169  1.70490852
 -0.70014721]
[-0.27999972 -0.44000011  0.76      ]
[-1.77056988  0.35748813 -0.62616338 -0.95567576  0.38032031  1.7048653
 -0.70007888]
[-0.30277785 -0.43988961  0.75995149]
[-1.849695    0.39271354 -0.59326812 -0.9042846   0.39760008  1.72358837
 -0.73031563]
[-0.29999974 -0.4400001   0.76000001]
[-1.8431133   0.38780392 -0.59193296 -0.91039239  0.3930924   1.72086725
 -0.72552182]
[-0.02168685 -0.43326215  0.75920921]
[-1.29050573  0.0720597  -0.36437475 -1.25466668  0.04541793  1.5748838
 -0.08924624]
[-2.98567242e-08 -4.40000027e-01  7.60000009e-01]
[-0.9234062   0.11064736 -0.73952788 -1.23352887  0.09729116  1.58627997
 -0.07629876]
[ 4.90746144e-07 -4.39998106e-01  6.99967014e-01]
[-0.86828402  0.07826489 -0.76094477 -1.41517875  0.07039071  1.43007484
 -0.06129213]
[-2.73826314e-08 -4.40000026e-01  7.00000071e-01]
[-0.86834765  0.07827823 -0.76089343 -1.41508195  0.07039882  1.43015879
 -0.06129562]
[ 2.28488871e-05 -4.39786243e-01  6.55876179e-01]
[-0.85416755  0.07190705 -0.76522328 -1.53116969  0.06542013  1.31903269
 -0.05943059]
[-2.81616031e-08 -4.40000033e-01  6.60000108e-01]
[-0.85508038  0.07248689 -0.76523608 -1.5203737   0.06589715  1.32939777
 -0.05961746]
[-2.89137446e-08 -4.40000034e-01  6.39999977e-01]
[-0.85392052  0.07443428 -0.76529401 -1.56897833  0.06788076  1.27948345
 -0.06190362]
[-3.08676775e-08 -4.40000030e-01  6.19999555e-01]
[-0.85588718  0.07961003 -0.76406702 -1.61507045  0.07275103  1.22973183
 -0.06644173]
[-3.18307334e-08 -4.40000039e-01  5.99999653e-01]
[-0.86069316  0.087985   -0.76152134 -1.65873945  0.0805498   1.18007662
 -0.07331944]
[-2.61420446e-06 -4.39992428e-01  5.59828925e-01]
[-0.87820554  0.11419501 -0.7517872  -1.73938395  0.10515333  1.0805007
 -0.0943969 ]
[-2.82243319e-08 -4.40000067e-01  5.60000186e-01]
[-0.87806851  0.11408667 -0.75189773 -1.73903965  0.10505835  1.08092887
 -0.09431514]
[ 1.51908544e-04 -4.40216723e-01  4.86172900e-01]
[-0.93176803  0.19342419 -0.71648063 -1.86242577  0.18345069  0.89912001
 -0.16027471]
[-1.32454579e-09 -4.40000164e-01  4.00000281e-01]
[-1.04623764  0.32057008 -0.60964701 -1.96675021  0.30879921  0.68875948
 -0.2658512 ]
[-1.65283033e-04 -4.39716831e-01  3.54747175e-01]
[-1.12456438  0.3977191  -0.5253852  -2.00314273  0.37953526  0.57865742
 -0.32698277]
[ 9.48588459e-09 -4.40000181e-01  3.60000289e-01]
[-1.1161771   0.38862704 -0.53432248 -1.99894282  0.3707294   0.59129288
 -0.31939583]
[-3.66936835e-05 -4.39921838e-01  3.37229627e-01]
[-1.16026355  0.42921898 -0.48467013 -2.01273102  0.40373136  0.53543842
 -0.3488739 ]
[ 1.35071084e-08 -4.40000189e-01  3.40000289e-01]
[-1.15679534  0.42387326 -0.48842337 -2.01105597  0.39781652  0.54188206
 -0.34372018]
[ 1.60859494e-08 -4.40000196e-01  3.20000282e-01]
[-1.20205235  0.45976564 -0.43611744 -2.02045389  0.41907179  0.49155216
 -0.36388979]
[ 3.70486821e-09 -4.40000144e-01  3.80000244e-01]
[-1.07949486  0.35413431 -0.57454132 -1.98415798  0.34045728  0.6401571
 -0.29298856]
[-1.43696331e-09 -4.40000129e-01  4.00000291e-01]
[-1.04623749  0.32057    -0.60964715 -1.9667503   0.30879914  0.68875947
 -0.26585114]
[-1.04343144e-08 -4.40000097e-01  4.60000180e-01]
[-0.9640443   0.22771558 -0.68839849 -1.89932042  0.21654238  0.83467839
 -0.18804886]
[-2.17894303e-08 -4.40000066e-01  5.00000427e-01]
[-0.92234829  0.17488183 -0.72222711 -1.84220271  0.16391602  0.93274885
 -0.14392175]
[-1.24075493e-08 -4.40000056e-01  5.60000095e-01]
[-0.87806846  0.11408671 -0.75189775 -1.73903985  0.10505839  1.08092862
 -0.09431517]
[-1.12315675e-08 -4.40000041e-01  6.00000198e-01]
[-0.8606926   0.08798476 -0.76152181 -1.65873829  0.08054961  1.18007796
 -0.07331926]
[-3.99405790e-09 -4.40000038e-01  6.60000085e-01]
[-0.8550803   0.0724869  -0.76523612 -1.52037374  0.06589717  1.3293977
 -0.05961746]
[ 1.73320851e-07 -4.39998592e-01  7.00032762e-01]
[-0.86837377  0.07828256 -0.76087329 -1.41499501  0.07040105  1.4302414
 -0.06129582]
[-8.37943938e-10 -4.40000046e-01  6.99999944e-01]
[-0.86834755  0.07827826 -0.76089347 -1.41508225  0.07039886  1.43015846
 -0.06129564]
[ 2.94094946e-05 -4.39902630e-01  7.61565193e-01]
[-0.92551745  0.11152286 -0.73827346 -1.22861048  0.09795629  1.59045893
 -0.07665014]
[-2.74110444e-09 -4.40000058e-01  7.59999887e-01]
[-0.92340618  0.11064735 -0.73952779 -1.2335292   0.09729115  1.58627963
 -0.07629873]
[ 1.56096724e-05 -4.39958252e-01  7.81766252e-01]
[-0.95592351  0.12908416 -0.72574917 -1.15910004  0.11250817  1.64554366
 -0.08398648]
[-5.30740462e-09 -4.40000063e-01  7.79999872e-01]
[-0.95355381  0.12752288 -0.72648706 -1.16524013  0.11116934  1.64065253
 -0.08329699]
[ 4.27316787e-09 -4.40000023e-01  8.00002136e-01]
[-0.99071224  0.1473838  -0.70924969 -1.09205293  0.12719036  1.69677512
 -0.09045094]
[ 4.10143295e-09 -4.40000030e-01  7.59999325e-01]
[-0.92340388  0.11064698 -0.73952986 -1.23353113  0.09729102  1.58627815
 -0.07629873]
[-1.47621903e-06 -3.99987153e-01  7.59997947e-01]
[-0.76062602 -0.02292325 -0.78982711 -1.33830218 -0.01689848  1.57939218
  0.00693113]
[-1.20409680e-04 -3.38437930e-01  7.59803281e-01]
[-0.68869105 -0.23312158 -0.66885271 -1.47627857 -0.19117985  1.60814756
  0.16911576]
[ 4.82382566e-08 -3.40000106e-01  7.59999961e-01]
[-0.63603908 -0.23773455 -0.70722887 -1.47209887 -0.20274951  1.61201319
  0.18121018]
[ 1.18073228e-05 -2.94285678e-01  7.60016805e-01]
[-0.65544441 -0.36633681 -0.57769213 -1.55787578 -0.27679996  1.65634443
  0.27985049]
[ 4.62237752e-08 -3.00000117e-01  7.59999978e-01]
[-0.63869424 -0.35440354 -0.60051034 -1.54766204 -0.27366603  1.6526765
  0.2739242 ]
[-1.45772376e-07 -2.79942305e-01  7.59999737e-01]
[-0.64654361 -0.40639533 -0.54868515 -1.58170376 -0.29606236  1.67588695
  0.31352313]
[ 4.83457559e-08 -2.80000132e-01  7.59999983e-01]
[-0.64661498 -0.40622569 -0.54878848 -1.58160747 -0.29596091  1.67580852
  0.31336956]
[-1.03074871e-06 -2.39878876e-01  7.59997973e-01]
[-0.66460128 -0.5017168  -0.45173819 -1.64221244 -0.32232041  1.72660931
  0.38414619]
[ 5.63749220e-08 -2.40000170e-01  7.59999991e-01]
[-0.66474996 -0.50138963 -0.45194572 -1.64203501 -0.32216134  1.72642522
  0.38383587]
[ 6.46392549e-08 -2.00000176e-01  7.60000002e-01]
[-0.68150295 -0.58822342 -0.36260793 -1.69261837 -0.32962279  1.78205029
  0.44751718]
[ 2.73640443e-08 -3.40000108e-01  7.59999975e-01]
[-0.63603966 -0.23773443 -0.70722855 -1.47209882 -0.20274933  1.61201318
  0.18120997]
[-3.08012055e-07 -4.40001743e-01  7.59999633e-01]
[-0.92342435  0.11065125 -0.73951176 -1.23352528  0.09729317  1.58627964
 -0.07630045]
[-1.49164467e-04 -4.62513658e-01  7.59818818e-01]
[-1.00059466  0.17852711 -0.71036993 -1.1687022   0.14813465  1.5968354
 -0.10617524]
[ 1.01831091e-08 -4.59999942e-01  7.59999975e-01]
[-1.0015062   0.16983951 -0.70128374 -1.17569397  0.13957427  1.59541437
 -0.10087634]
[-9.33206990e-05 -4.81681386e-01  7.59878831e-01]
[-1.06803306  0.23291258 -0.67424625 -1.10859511  0.18197753  1.60891253
 -0.12143631]
[ 1.49318370e-08 -4.79999922e-01  7.59999984e-01]
[-1.07482413  0.2260286  -0.65929759 -1.11363564  0.17342004  1.60732137
 -0.11649368]
[-1.43029362e-04 -5.02373365e-01  7.59844808e-01]
[-1.14261314  0.28885275 -0.62364852 -1.03893899  0.20821172  1.62414439
 -0.12869196]
[ 2.23735848e-08 -4.99999902e-01  7.59999994e-01]
[-1.1437754   0.28063792 -0.61455106 -1.04672648  0.1998156   1.62183056
 -0.12462738]
[-2.51583640e-06 -5.20038762e-01  7.59998294e-01]
[-1.2093257   0.33501723 -0.56684522 -0.97394986  0.21924733  1.6391223
 -0.12626786]
[ 3.25226628e-08 -5.19999885e-01  7.60000006e-01]
[-1.20911876  0.33492885 -0.56707245 -0.97409134  0.21926694  1.63909543
 -0.12629572]
[-1.22981976e-04 -5.41811561e-01  7.59880120e-01]
[-1.26792207  0.39725056 -0.52899395 -0.88728988  0.24119851  1.66237826
 -0.12585392]
[ 4.55873108e-08 -5.39999870e-01  7.60000018e-01]
[-1.27162872  0.39016389 -0.51628921 -0.89446235  0.23177434  1.65958206
 -0.12214943]
[-2.36281196e-04 -5.62611554e-01  7.59866674e-01]
[-1.33657585  0.45626909 -0.46076818 -0.79408992  0.241161    1.68785255
 -0.11290324]
[ 6.23086593e-08 -5.59999858e-01  7.60000029e-01]
[-1.33200083  0.44783074 -0.46105786 -0.80589924  0.23674356  1.68417236
 -0.11254498]
[-2.25877197e-05 -5.80210048e-01  7.59993568e-01]
[-1.39175295  0.51063941 -0.39806519 -0.70407586  0.23225317  1.71476006
 -0.09726065]
[ 8.39672247e-08 -5.79999850e-01  7.60000041e-01]
[-1.39082146  0.51001987 -0.39941012 -0.70518202  0.23269564  1.71446232
 -0.09757803]
[-2.44034452e-04 -6.01791594e-01  7.59861425e-01]
[-1.44541573  0.58858237 -0.34473293 -0.57511609  0.23061165  1.75831175
 -0.08014157]
[ 1.13284029e-07 -5.99999847e-01  7.60000052e-01]
[-1.44853214  0.58029698 -0.32773504 -0.58623281  0.21643121  1.75357951
 -0.07706865]
[-6.38954838e-05 -6.20245634e-01  7.59994156e-01]
[-1.50642294  0.66779931 -0.23538903 -0.43238705  0.17864749  1.80982768
 -0.04987308]
[ 1.57370640e-07 -6.19999854e-01  7.60000064e-01]
[-1.50531228  0.66664559 -0.23783498 -0.43451553  0.18004887  1.80908289
 -0.05045739]
[ 4.28470917e-05 -6.23525918e-01  7.60042539e-01]
[-1.51165064  0.68557807 -0.23263557 -0.40138129  0.18075779  1.82255097
 -0.0473389 ]
[ 2.47820750e-07 -6.39999884e-01  7.60000083e-01]
[-1.56047506  0.80482695 -0.09335421 -0.18122363  0.08719632  1.91628512
 -0.01629424]
[-7.20308643e-04 -5.98387582e-01  7.59945906e-01]
[-1.44379122  0.57420644 -0.33777014 -0.59732078  0.22200638  1.7494574
 -0.07954387]
[-0.00159744 -0.52792281  0.75879834]
[-1.27238363  0.34861892 -0.48625417 -0.9479688   0.20144815  1.6409927
 -0.1136516 ]
[ 2.53400545e-08 -4.40000003e-01  7.59999999e-01]
[-0.92340596  0.11064727 -0.73952791 -1.23352898  0.09729104  1.5862799
 -0.0762986 ]
*
END OF DATA COLLECTION 11/16/2022 9:35PM ******************************

