[0.4641367154221603,-9.43399822619725e-06,0.6911718029964452]
[0.7479274689490363,-2.1842083778228006e-08,0.488346916158034]
[0.6778920084841796,-0.19279180162116458,0.4888558888894633]
[0.5000614645564777,-0.2953055177202243,0.48875540866351297]
[0.29809628078142775,-0.25970418763849856,0.4884998938529657]
[0.179406214205868,-0.11513090501728798,0.5248296899324056]
[0.18114538696815566,0.08484547730440392,0.5312483721310407]
[0.29838184650088045,0.21917055345149125,0.48867457651185975]
[0.493765179099918,0.25275293862815984,0.4902759414921115]
[0.6656946923581774,0.14240287339846605,0.4919338299228958]
[0.7290188488677136,-0.057051168327879626,0.4934716366563272]
[0.4641367154221603,-9.43399822619725e-06,0.6911718029964452]
[0.7479274689490363,-2.1842083778228006e-08,0.488346916158034]
[0.6778920084841796,-0.19279180162116458,0.4888558888894633]
[0.5000614645564777,-0.2953055177202243,0.48875540866351297]
[0.29809628078142775,-0.25970418763849856,0.4884998938529657]
[0.179406214205868,-0.11513090501728798,0.5248296899324056]
[0.18114538696815566,0.08484547730440392,0.5312483721310407]
[0.29838184650088045,0.21917055345149125,0.48867457651185975]
[0.493765179099918,0.25275293862815984,0.4902759414921115]
[0.6656946923581774,0.14240287339846605,0.4919338299228958]
[0.7290188488677136,-0.057051168327879626,0.4934716366563272]
[0.4641367154221603,-9.43399822619725e-06,0.6911718029964452]
[0.7479274689490363,-2.1842083778228006e-08,0.488346916158034]
[0.6778920084841796,-0.19279180162116458,0.4888558888894633]
[0.5000614645564777,-0.2953055177202243,0.48875540866351297]
[0.29809628078142775,-0.25970418763849856,0.4884998938529657]
[0.179406214205868,-0.11513090501728798,0.5248296899324056]
[0.18114538696815566,0.08484547730440392,0.5312483721310407]
[0.29838184650088045,0.21917055345149125,0.48867457651185975]
[0.493765179099918,0.25275293862815984,0.4902759414921115]
[0.6656946923581774,0.14240287339846605,0.4919338299228958]
[0.7290188488677136,-0.057051168327879626,0.4934716366563272]
[0.4641367154221603,-9.43399822619725e-06,0.6911718029964452]
[0.7479274689490363,-2.1842083778228006e-08,0.488346916158034]
[0.6778920084841796,-0.19279180162116458,0.4888558888894633]
[0.5000614645564777,-0.2953055177202243,0.48875540866351297]
[0.29809628078142775,-0.25970418763849856,0.4884998938529657]
[0.179406214205868,-0.11513090501728798,0.5248296899324056]
[0.18114538696815566,0.08484547730440392,0.5312483721310407]
[0.29838184650088045,0.21917055345149125,0.48867457651185975]
[0.493765179099918,0.25275293862815984,0.4902759414921115]
[0.6656946923581774,0.14240287339846605,0.4919338299228958]
[0.7290188488677136,-0.057051168327879626,0.4934716366563272]
[0.4641367154221603,-9.43399822619725e-06,0.6911718029964452]
[0.7479274689490363,-2.1842083778228006e-08,0.488346916158034]
[0.6778920084841796,-0.19279180162116458,0.4888558888894633]
[0.5000614645564777,-0.2953055177202243,0.48875540866351297]
[0.29809628078142775,-0.25970418763849856,0.4884998938529657]
[0.179406214205868,-0.11513090501728798,0.5248296899324056]
[0.18114538696815566,0.08484547730440392,0.5312483721310407]
[0.29838184650088045,0.21917055345149125,0.48867457651185975]
[0.493765179099918,0.25275293862815984,0.4902759414921115]
[0.6656946923581774,0.14240287339846605,0.4919338299228958]
[0.7290188488677136,-0.057051168327879626,0.4934716366563272]
[0.4641367154221603,-9.43399822619725e-06,0.6911718029964452]
[0.7479274689490363,-2.1842083778228006e-08,0.488346916158034]
[0.6778920084841796,-0.19279180162116458,0.4888558888894633]
[0.5000614645564777,-0.2953055177202243,0.48875540866351297]
[0.29809628078142775,-0.25970418763849856,0.4884998938529657]
[0.179406214205868,-0.11513090501728798,0.5248296899324056]
[0.18114538696815566,0.08484547730440392,0.5312483721310407]
[0.29838184650088045,0.21917055345149125,0.48867457651185975]
[0.493765179099918,0.25275293862815984,0.4902759414921115]
[0.6656946923581774,0.14240287339846605,0.4919338299228958]
[0.7290188488677136,-0.057051168327879626,0.4934716366563272]
[0.4641367154221603,-9.43399822619725e-06,0.6911718029964452]
[0.7479274689490363,-2.1842083778228006e-08,0.488346916158034]
[0.6778920084841796,-0.19279180162116458,0.4888558888894633]
[0.5000614645564777,-0.2953055177202243,0.48875540866351297]
[0.29809628078142775,-0.25970418763849856,0.4884998938529657]
[0.179406214205868,-0.11513090501728798,0.5248296899324056]
[0.18114538696815566,0.08484547730440392,0.5312483721310407]
[0.29838184650088045,0.21917055345149125,0.48867457651185975]
[0.493765179099918,0.25275293862815984,0.4902759414921115]
[0.6656946923581774,0.14240287339846605,0.4919338299228958]
[0.7290188488677136,-0.057051168327879626,0.4934716366563272]
[0.4641367154221603,-9.43399822619725e-06,0.6911718029964452]
[0.7479274689490363,-2.1842083778228006e-08,0.488346916158034]
[0.6778920084841796,-0.19279180162116458,0.4888558888894633]
[0.5000614645564777,-0.2953055177202243,0.48875540866351297]
[0.29809628078142775,-0.25970418763849856,0.4884998938529657]
[0.179406214205868,-0.11513090501728798,0.5248296899324056]
[0.18114538696815566,0.08484547730440392,0.5312483721310407]
[0.29838184650088045,0.21917055345149125,0.48867457651185975]
[0.493765179099918,0.25275293862815984,0.4902759414921115]
[0.6656946923581774,0.14240287339846605,0.4919338299228958]
[0.7290188488677136,-0.057051168327879626,0.4934716366563272]
[0.4641367154221603,-9.43399822619725e-06,0.6911718029964452]
[0.7479274689490363,-2.1842083778228006e-08,0.488346916158034]
[0.6778920084841796,-0.19279180162116458,0.4888558888894633]
[0.5000614645564777,-0.2953055177202243,0.48875540866351297]
[0.29809628078142775,-0.25970418763849856,0.4884998938529657]
[0.179406214205868,-0.11513090501728798,0.5248296899324056]
[0.18114538696815566,0.08484547730440392,0.5312483721310407]
[0.29838184650088045,0.21917055345149125,0.48867457651185975]
[0.493765179099918,0.25275293862815984,0.4902759414921115]
[0.6656946923581774,0.14240287339846605,0.4919338299228958]
[0.7290188488677136,-0.057051168327879626,0.4934716366563272]
[0.4641367154221603,-9.43399822619725e-06,0.6911718029964452]
[0.7479274689490363,-2.1842083778228006e-08,0.488346916158034]
[0.6778920084841796,-0.19279180162116458,0.4888558888894633]
[0.5000614645564777,-0.2953055177202243,0.48875540866351297]
[0.29809628078142775,-0.25970418763849856,0.4884998938529657]
[0.179406214205868,-0.11513090501728798,0.5248296899324056]
[0.18114538696815566,0.08484547730440392,0.5312483721310407]
[0.29838184650088045,0.21917055345149125,0.48867457651185975]
[0.493765179099918,0.25275293862815984,0.4902759414921115]
[0.6656946923581774,0.14240287339846605,0.4919338299228958]
[0.7290188488677136,-0.057051168327879626,0.4934716366563272]
[0.4641367154221603,-9.43399822619725e-06,0.6911718029964452]
[0.7479274689490363,-2.1842083778228006e-08,0.488346916158034]
[0.6778920084841796,-0.19279180162116458,0.4888558888894633]
[0.5000614645564777,-0.2953055177202243,0.48875540866351297]
[0.29809628078142775,-0.25970418763849856,0.4884998938529657]
[0.179406214205868,-0.11513090501728798,0.5248296899324056]
[0.18114538696815566,0.08484547730440392,0.5312483721310407]
[0.29838184650088045,0.21917055345149125,0.48867457651185975]
[0.493765179099918,0.25275293862815984,0.4902759414921115]
[0.6656946923581774,0.14240287339846605,0.4919338299228958]
[0.7290188488677136,-0.057051168327879626,0.4934716366563272]
[0.4641367154221603,-9.43399822619725e-06,0.6911718029964452]
[0.7479274689490363,-2.1842083778228006e-08,0.488346916158034]
[0.6778920084841796,-0.19279180162116458,0.4888558888894633]
[0.5000614645564777,-0.2953055177202243,0.48875540866351297]
[0.29809628078142775,-0.25970418763849856,0.4884998938529657]
[0.179406214205868,-0.11513090501728798,0.5248296899324056]
[0.18114538696815566,0.08484547730440392,0.5312483721310407]
[0.29838184650088045,0.21917055345149125,0.48867457651185975]
[0.493765179099918,0.25275293862815984,0.4902759414921115]
[0.6656946923581774,0.14240287339846605,0.4919338299228958]
[0.7290188488677136,-0.057051168327879626,0.4934716366563272]
---------------------------------------------------------------------------------------------------------------------------------------------------------
## END OF 11/22/2022 12:21AM RUN ########################################################################################################################
---------------------------------------------------------------------------------------------------------------------------------------------------------
[0.4641367154221603,-9.43399822619725e-06,0.6911718029964452]
[0.7479274689490363,-2.1842083778228006e-08,0.488346916158034]
[0.6778920084841796,-0.19279180162116458,0.4888558888894633]
[0.5000614645564777,-0.2953055177202243,0.48875540866351297]
[0.29809628078142775,-0.25970418763849856,0.4884998938529657]
[0.179406214205868,-0.11513090501728798,0.5248296899324056]
[0.18114538696815566,0.08484547730440392,0.5312483721310407]
[0.29838184650088045,0.21917055345149125,0.48867457651185975]
[0.493765179099918,0.25275293862815984,0.4902759414921115]
[0.6656946923581774,0.14240287339846605,0.4919338299228958]
[0.7290188488677136,-0.057051168327879626,0.4934716366563272]
[0.4641367154221603,-9.43399822619725e-06,0.6911718029964452]
[0.7479274689490363,-2.1842083778228006e-08,0.488346916158034]
[0.6778920084841796,-0.19279180162116458,0.4888558888894633]
[0.5000614645564777,-0.2953055177202243,0.48875540866351297]
[0.29809628078142775,-0.25970418763849856,0.4884998938529657]
[0.179406214205868,-0.11513090501728798,0.5248296899324056]
[0.18114538696815566,0.08484547730440392,0.5312483721310407]
[0.29838184650088045,0.21917055345149125,0.48867457651185975]
[0.493765179099918,0.25275293862815984,0.4902759414921115]
[0.6656946923581774,0.14240287339846605,0.4919338299228958]
[0.7290188488677136,-0.057051168327879626,0.4934716366563272]
[0.4641367154221603,-9.43399822619725e-06,0.6911718029964452]
[0.7479274689490363,-2.1842083778228006e-08,0.488346916158034]
[0.6778920084841796,-0.19279180162116458,0.4888558888894633]
[0.5000614645564777,-0.2953055177202243,0.48875540866351297]
[0.29809628078142775,-0.25970418763849856,0.4884998938529657]
[0.179406214205868,-0.11513090501728798,0.5248296899324056]
[0.18114538696815566,0.08484547730440392,0.5312483721310407]
[0.29838184650088045,0.21917055345149125,0.48867457651185975]
[0.493765179099918,0.25275293862815984,0.4902759414921115]
[0.6656946923581774,0.14240287339846605,0.4919338299228958]
[0.7290188488677136,-0.057051168327879626,0.4934716366563272]
[0.4641367154221603,-9.43399822619725e-06,0.6911718029964452]
[0.7479274689490363,-2.1842083778228006e-08,0.488346916158034]
[0.6778920084841796,-0.19279180162116458,0.4888558888894633]
[0.5000614645564777,-0.2953055177202243,0.48875540866351297]
[0.29809628078142775,-0.25970418763849856,0.4884998938529657]
[0.179406214205868,-0.11513090501728798,0.5248296899324056]
[0.18114538696815566,0.08484547730440392,0.5312483721310407]
[0.29838184650088045,0.21917055345149125,0.48867457651185975]
[0.493765179099918,0.25275293862815984,0.4902759414921115]
[0.6656946923581774,0.14240287339846605,0.4919338299228958]
[0.7290188488677136,-0.057051168327879626,0.4934716366563272]
[0.4641367154221603,-9.43399822619725e-06,0.6911718029964452]
[0.7479274689490363,-2.1842083778228006e-08,0.488346916158034]
[0.6778920084841796,-0.19279180162116458,0.4888558888894633]
[0.5000614645564777,-0.2953055177202243,0.48875540866351297]
[0.29809628078142775,-0.25970418763849856,0.4884998938529657]
[0.179406214205868,-0.11513090501728798,0.5248296899324056]
[0.18114538696815566,0.08484547730440392,0.5312483721310407]
[0.29838184650088045,0.21917055345149125,0.48867457651185975]
[0.493765179099918,0.25275293862815984,0.4902759414921115]
[0.6656946923581774,0.14240287339846605,0.4919338299228958]
[0.7290188488677136,-0.057051168327879626,0.4934716366563272]
[0.4641367154221603,-9.43399822619725e-06,0.6911718029964452]
[0.7479274689490363,-2.1842083778228006e-08,0.488346916158034]
[0.6778920084841796,-0.19279180162116458,0.4888558888894633]
[0.5000614645564777,-0.2953055177202243,0.48875540866351297]
[0.29809628078142775,-0.25970418763849856,0.4884998938529657]
[0.179406214205868,-0.11513090501728798,0.5248296899324056]
[0.18114538696815566,0.08484547730440392,0.5312483721310407]
[0.29838184650088045,0.21917055345149125,0.48867457651185975]
[0.493765179099918,0.25275293862815984,0.4902759414921115]
[0.6656946923581774,0.14240287339846605,0.4919338299228958]
[0.7290188488677136,-0.057051168327879626,0.4934716366563272]
[0.4641367154221603,-9.43399822619725e-06,0.6911718029964452]
[0.7479274689490363,-2.1842083778228006e-08,0.488346916158034]
[0.6778920084841796,-0.19279180162116458,0.4888558888894633]
[0.5000614645564777,-0.2953055177202243,0.48875540866351297]
[0.29809628078142775,-0.25970418763849856,0.4884998938529657]
[0.179406214205868,-0.11513090501728798,0.5248296899324056]
[0.18114538696815566,0.08484547730440392,0.5312483721310407]
[0.29838184650088045,0.21917055345149125,0.48867457651185975]
[0.493765179099918,0.25275293862815984,0.4902759414921115]
[0.6656946923581774,0.14240287339846605,0.4919338299228958]
[0.7290188488677136,-0.057051168327879626,0.4934716366563272]
[0.4641367154221603,-9.43399822619725e-06,0.6911718029964452]
[0.7479274689490363,-2.1842083778228006e-08,0.488346916158034]
[0.6778920084841796,-0.19279180162116458,0.4888558888894633]
[0.5000614645564777,-0.2953055177202243,0.48875540866351297]
[0.29809628078142775,-0.25970418763849856,0.4884998938529657]
[0.179406214205868,-0.11513090501728798,0.5248296899324056]
[0.18114538696815566,0.08484547730440392,0.5312483721310407]
[0.29838184650088045,0.21917055345149125,0.48867457651185975]
[0.493765179099918,0.25275293862815984,0.4902759414921115]
[0.6656946923581774,0.14240287339846605,0.4919338299228958]
[0.7290188488677136,-0.057051168327879626,0.4934716366563272]
[0.4641367154221603,-9.43399822619725e-06,0.6911718029964452]
[0.7479274689490363,-2.1842083778228006e-08,0.488346916158034]
[0.6778920084841796,-0.19279180162116458,0.4888558888894633]
[0.5000614645564777,-0.2953055177202243,0.48875540866351297]
[0.29809628078142775,-0.25970418763849856,0.4884998938529657]
[0.179406214205868,-0.11513090501728798,0.5248296899324056]
[0.18114538696815566,0.08484547730440392,0.5312483721310407]
[0.29838184650088045,0.21917055345149125,0.48867457651185975]
[0.493765179099918,0.25275293862815984,0.4902759414921115]
[0.6656946923581774,0.14240287339846605,0.4919338299228958]
[0.7290188488677136,-0.057051168327879626,0.4934716366563272]
[0.4641367154221603,-9.43399822619725e-06,0.6911718029964452]
[0.7479274689490363,-2.1842083778228006e-08,0.488346916158034]
[0.6778920084841796,-0.19279180162116458,0.4888558888894633]
[0.5000614645564777,-0.2953055177202243,0.48875540866351297]
[0.29809628078142775,-0.25970418763849856,0.4884998938529657]
[0.179406214205868,-0.11513090501728798,0.5248296899324056]
[0.18114538696815566,0.08484547730440392,0.5312483721310407]
[0.29838184650088045,0.21917055345149125,0.48867457651185975]
[0.493765179099918,0.25275293862815984,0.4902759414921115]
[0.6656946923581774,0.14240287339846605,0.4919338299228958]
[0.7290188488677136,-0.057051168327879626,0.4934716366563272]
[0.4641367154221603,-9.43399822619725e-06,0.6911718029964452]
[0.7479274689490363,-2.1842083778228006e-08,0.488346916158034]
[0.6778920084841796,-0.19279180162116458,0.4888558888894633]
[0.5000614645564777,-0.2953055177202243,0.48875540866351297]
[0.29809628078142775,-0.25970418763849856,0.4884998938529657]
[0.179406214205868,-0.11513090501728798,0.5248296899324056]
[0.18114538696815566,0.08484547730440392,0.5312483721310407]
[0.29838184650088045,0.21917055345149125,0.48867457651185975]
[0.493765179099918,0.25275293862815984,0.4902759414921115]
[0.6656946923581774,0.14240287339846605,0.4919338299228958]
[0.7290188488677136,-0.057051168327879626,0.4934716366563272]
[0.4641367154221603,-9.43399822619725e-06,0.6911718029964452]
[0.7479274689490363,-2.1842083778228006e-08,0.488346916158034]
[0.6778920084841796,-0.19279180162116458,0.4888558888894633]
[0.5000614645564777,-0.2953055177202243,0.48875540866351297]
[0.29809628078142775,-0.25970418763849856,0.4884998938529657]
[0.179406214205868,-0.11513090501728798,0.5248296899324056]
[0.18114538696815566,0.08484547730440392,0.5312483721310407]
[0.29838184650088045,0.21917055345149125,0.48867457651185975]
[0.493765179099918,0.25275293862815984,0.4902759414921115]
[0.6656946923581774,0.14240287339846605,0.4919338299228958]
[0.7290188488677136,-0.057051168327879626,0.4934716366563272]
[0.4641367154221603,-9.43399822619725e-06,0.6911718029964452]
[0.7479274689490363,-2.1842083778228006e-08,0.488346916158034]
[0.6778920084841796,-0.19279180162116458,0.4888558888894633]
[0.5000614645564777,-0.2953055177202243,0.48875540866351297]
[0.29809628078142775,-0.25970418763849856,0.4884998938529657]
[0.179406214205868,-0.11513090501728798,0.5248296899324056]
[0.18114538696815566,0.08484547730440392,0.5312483721310407]
[0.29838184650088045,0.21917055345149125,0.48867457651185975]
[0.493765179099918,0.25275293862815984,0.4902759414921115]
[0.6656946923581774,0.14240287339846605,0.4919338299228958]
[0.7290188488677136,-0.057051168327879626,0.4934716366563272]
[0.4641367154221603,-9.43399822619725e-06,0.6911718029964452]
[0.7479274689490363,-2.1842083778228006e-08,0.488346916158034]
[0.6778920084841796,-0.19279180162116458,0.4888558888894633]
[0.5000614645564777,-0.2953055177202243,0.48875540866351297]
[0.29809628078142775,-0.25970418763849856,0.4884998938529657]
[0.179406214205868,-0.11513090501728798,0.5248296899324056]
[0.18114538696815566,0.08484547730440392,0.5312483721310407]
[0.29838184650088045,0.21917055345149125,0.48867457651185975]
[0.493765179099918,0.25275293862815984,0.4902759414921115]
[0.6656946923581774,0.14240287339846605,0.4919338299228958]
[0.7290188488677136,-0.057051168327879626,0.4934716366563272]
[0.4641367154221603,-9.43399822619725e-06,0.6911718029964452]
[0.7479274689490363,-2.1842083778228006e-08,0.488346916158034]
[0.6778920084841796,-0.19279180162116458,0.4888558888894633]
[0.5000614645564777,-0.2953055177202243,0.48875540866351297]
[0.29809628078142775,-0.25970418763849856,0.4884998938529657]
[0.179406214205868,-0.11513090501728798,0.5248296899324056]
[0.18114538696815566,0.08484547730440392,0.5312483721310407]
[0.29838184650088045,0.21917055345149125,0.48867457651185975]
[0.493765179099918,0.25275293862815984,0.4902759414921115]
[0.6656946923581774,0.14240287339846605,0.4919338299228958]
[0.7290188488677136,-0.057051168327879626,0.4934716366563272]
[0.4641367154221603,-9.43399822619725e-06,0.6911718029964452]
[0.7479274689490363,-2.1842083778228006e-08,0.488346916158034]
[0.6778920084841796,-0.19279180162116458,0.4888558888894633]
[0.5000614645564777,-0.2953055177202243,0.48875540866351297]
[0.29809628078142775,-0.25970418763849856,0.4884998938529657]
[0.179406214205868,-0.11513090501728798,0.5248296899324056]
[0.18114538696815566,0.08484547730440392,0.5312483721310407]
[0.29838184650088045,0.21917055345149125,0.48867457651185975]
[0.493765179099918,0.25275293862815984,0.4902759414921115]
[0.6656946923581774,0.14240287339846605,0.4919338299228958]
[0.7290188488677136,-0.057051168327879626,0.4934716366563272]
[0.4641367154221603,-9.43399822619725e-06,0.6911718029964452]
[0.7479274689490363,-2.1842083778228006e-08,0.488346916158034]
[0.6778920084841796,-0.19279180162116458,0.4888558888894633]
[0.5000614645564777,-0.2953055177202243,0.48875540866351297]
[0.29809628078142775,-0.25970418763849856,0.4884998938529657]
[0.179406214205868,-0.11513090501728798,0.5248296899324056]
[0.18114538696815566,0.08484547730440392,0.5312483721310407]
[0.29838184650088045,0.21917055345149125,0.48867457651185975]
[0.493765179099918,0.25275293862815984,0.4902759414921115]
[0.6656946923581774,0.14240287339846605,0.4919338299228958]
[0.7290188488677136,-0.057051168327879626,0.4934716366563272]
[0.4641367154221603,-9.43399822619725e-06,0.6911718029964452]
[0.7479274689490363,-2.1842083778228006e-08,0.488346916158034]
[0.6778920084841796,-0.19279180162116458,0.4888558888894633]
[0.5000614645564777,-0.2953055177202243,0.48875540866351297]
[0.29809628078142775,-0.25970418763849856,0.4884998938529657]
[0.179406214205868,-0.11513090501728798,0.5248296899324056]
[0.18114538696815566,0.08484547730440392,0.5312483721310407]
[0.29838184650088045,0.21917055345149125,0.48867457651185975]
[0.493765179099918,0.25275293862815984,0.4902759414921115]
[0.6656946923581774,0.14240287339846605,0.4919338299228958]
[0.7290188488677136,-0.057051168327879626,0.4934716366563272]
[0.4641367154221603,-9.43399822619725e-06,0.6911718029964452]
[0.7479274689490363,-2.1842083778228006e-08,0.488346916158034]
[0.6778920084841796,-0.19279180162116458,0.4888558888894633]
[0.5000614645564777,-0.2953055177202243,0.48875540866351297]
[0.29809628078142775,-0.25970418763849856,0.4884998938529657]
[0.179406214205868,-0.11513090501728798,0.5248296899324056]
[0.18114538696815566,0.08484547730440392,0.5312483721310407]
[0.29838184650088045,0.21917055345149125,0.48867457651185975]
[0.493765179099918,0.25275293862815984,0.4902759414921115]
[0.6656946923581774,0.14240287339846605,0.4919338299228958]
[0.7290188488677136,-0.057051168327879626,0.4934716366563272]
[0.4641367154221603,-9.43399822619725e-06,0.6911718029964452]
[0.7479274689490363,-2.1842083778228006e-08,0.488346916158034]
[0.6778920084841796,-0.19279180162116458,0.4888558888894633]
[0.5000614645564777,-0.2953055177202243,0.48875540866351297]
[0.29809628078142775,-0.25970418763849856,0.4884998938529657]
[0.179406214205868,-0.11513090501728798,0.5248296899324056]
[0.18114538696815566,0.08484547730440392,0.5312483721310407]
[0.29838184650088045,0.21917055345149125,0.48867457651185975]
[0.493765179099918,0.25275293862815984,0.4902759414921115]
[0.6656946923581774,0.14240287339846605,0.4919338299228958]
[0.7290188488677136,-0.057051168327879626,0.4934716366563272]
[0.4641367154221603,-9.43399822619725e-06,0.6911718029964452]
[0.7479274689490363,-2.1842083778228006e-08,0.488346916158034]
[0.6778920084841796,-0.19279180162116458,0.4888558888894633]
[0.5000614645564777,-0.2953055177202243,0.48875540866351297]
[0.29809628078142775,-0.25970418763849856,0.4884998938529657]
[0.179406214205868,-0.11513090501728798,0.5248296899324056]
[0.18114538696815566,0.08484547730440392,0.5312483721310407]
[0.29838184650088045,0.21917055345149125,0.48867457651185975]
[0.493765179099918,0.25275293862815984,0.4902759414921115]
[0.6656946923581774,0.14240287339846605,0.4919338299228958]
[0.7290188488677136,-0.057051168327879626,0.4934716366563272]
[0.4641367154221603,-9.43399822619725e-06,0.6911718029964452]
[0.7479274689490363,-2.1842083778228006e-08,0.488346916158034]
[0.6778920084841796,-0.19279180162116458,0.4888558888894633]
[0.5000614645564777,-0.2953055177202243,0.48875540866351297]
[0.29809628078142775,-0.25970418763849856,0.4884998938529657]
[0.179406214205868,-0.11513090501728798,0.5248296899324056]
[0.18114538696815566,0.08484547730440392,0.5312483721310407]
[0.29838184650088045,0.21917055345149125,0.48867457651185975]
[0.493765179099918,0.25275293862815984,0.4902759414921115]
[0.6656946923581774,0.14240287339846605,0.4919338299228958]
[0.7290188488677136,-0.057051168327879626,0.4934716366563272]
[0.4641367154221603,-9.43399822619725e-06,0.6911718029964452]
[0.7479274689490363,-2.1842083778228006e-08,0.488346916158034]
[0.6778920084841796,-0.19279180162116458,0.4888558888894633]
[0.5000614645564777,-0.2953055177202243,0.48875540866351297]
[0.29809628078142775,-0.25970418763849856,0.4884998938529657]
[0.179406214205868,-0.11513090501728798,0.5248296899324056]
[0.18114538696815566,0.08484547730440392,0.5312483721310407]
[0.29838184650088045,0.21917055345149125,0.48867457651185975]
[0.493765179099918,0.25275293862815984,0.4902759414921115]
[0.6656946923581774,0.14240287339846605,0.4919338299228958]
[0.7290188488677136,-0.057051168327879626,0.4934716366563272]
[0.4641367154221603,-9.43399822619725e-06,0.6911718029964452]
[0.7479274689490363,-2.1842083778228006e-08,0.488346916158034]
[0.6778920084841796,-0.19279180162116458,0.4888558888894633]
[0.5000614645564777,-0.2953055177202243,0.48875540866351297]
[0.29809628078142775,-0.25970418763849856,0.4884998938529657]
[0.179406214205868,-0.11513090501728798,0.5248296899324056]
[0.18114538696815566,0.08484547730440392,0.5312483721310407]
[0.29838184650088045,0.21917055345149125,0.48867457651185975]
[0.493765179099918,0.25275293862815984,0.4902759414921115]
[0.6656946923581774,0.14240287339846605,0.4919338299228958]
[0.7290188488677136,-0.057051168327879626,0.4934716366563272]
[0.4641367154221603,-9.43399822619725e-06,0.6911718029964452]
[0.7479274689490363,-2.1842083778228006e-08,0.488346916158034]
[0.6778920084841796,-0.19279180162116458,0.4888558888894633]
[0.5000614645564777,-0.2953055177202243,0.48875540866351297]
[0.29809628078142775,-0.25970418763849856,0.4884998938529657]
[0.179406214205868,-0.11513090501728798,0.5248296899324056]
[0.18114538696815566,0.08484547730440392,0.5312483721310407]
[0.29838184650088045,0.21917055345149125,0.48867457651185975]
[0.493765179099918,0.25275293862815984,0.4902759414921115]
[0.6656946923581774,0.14240287339846605,0.4919338299228958]
[0.7290188488677136,-0.057051168327879626,0.4934716366563272]
[0.4641367154221603,-9.43399822619725e-06,0.6911718029964452]
[0.7479274689490363,-2.1842083778228006e-08,0.488346916158034]
[0.6778920084841796,-0.19279180162116458,0.4888558888894633]
[0.5000614645564777,-0.2953055177202243,0.48875540866351297]
[0.29809628078142775,-0.25970418763849856,0.4884998938529657]
[0.179406214205868,-0.11513090501728798,0.5248296899324056]
[0.18114538696815566,0.08484547730440392,0.5312483721310407]
[0.29838184650088045,0.21917055345149125,0.48867457651185975]
[0.493765179099918,0.25275293862815984,0.4902759414921115]
[0.6656946923581774,0.14240287339846605,0.4919338299228958]
[0.7290188488677136,-0.057051168327879626,0.4934716366563272]
[0.4641367154221603,-9.43399822619725e-06,0.6911718029964452]
[0.7479274689490363,-2.1842083778228006e-08,0.488346916158034]
[0.6778920084841796,-0.19279180162116458,0.4888558888894633]
[0.5000614645564777,-0.2953055177202243,0.48875540866351297]
[0.29809628078142775,-0.25970418763849856,0.4884998938529657]
[0.179406214205868,-0.11513090501728798,0.5248296899324056]
[0.18114538696815566,0.08484547730440392,0.5312483721310407]
[0.29838184650088045,0.21917055345149125,0.48867457651185975]
[0.493765179099918,0.25275293862815984,0.4902759414921115]
[0.6656946923581774,0.14240287339846605,0.4919338299228958]
[0.7290188488677136,-0.057051168327879626,0.4934716366563272]
[0.4641367154221603,-9.43399822619725e-06,0.6911718029964452]
[0.7479274689490363,-2.1842083778228006e-08,0.488346916158034]
[0.6778920084841796,-0.19279180162116458,0.4888558888894633]
[0.5000614645564777,-0.2953055177202243,0.48875540866351297]
[0.29809628078142775,-0.25970418763849856,0.4884998938529657]
[0.179406214205868,-0.11513090501728798,0.5248296899324056]
[0.18114538696815566,0.08484547730440392,0.5312483721310407]
[0.29838184650088045,0.21917055345149125,0.48867457651185975]
[0.493765179099918,0.25275293862815984,0.4902759414921115]
[0.6656946923581774,0.14240287339846605,0.4919338299228958]
[0.7290188488677136,-0.057051168327879626,0.4934716366563272]
[0.4641367154221603,-9.43399822619725e-06,0.6911718029964452]
[0.7479274689490363,-2.1842083778228006e-08,0.488346916158034]
[0.6778920084841796,-0.19279180162116458,0.4888558888894633]
[0.5000614645564777,-0.2953055177202243,0.48875540866351297]
[0.29809628078142775,-0.25970418763849856,0.4884998938529657]
[0.179406214205868,-0.11513090501728798,0.5248296899324056]
[0.18114538696815566,0.08484547730440392,0.5312483721310407]
[0.29838184650088045,0.21917055345149125,0.48867457651185975]
[0.493765179099918,0.25275293862815984,0.4902759414921115]
[0.6656946923581774,0.14240287339846605,0.4919338299228958]
[0.7290188488677136,-0.057051168327879626,0.4934716366563272]
[0.4641367154221603,-9.43399822619725e-06,0.6911718029964452]
[0.7479274689490363,-2.1842083778228006e-08,0.488346916158034]
[0.6778920084841796,-0.19279180162116458,0.4888558888894633]
[0.5000614645564777,-0.2953055177202243,0.48875540866351297]
[0.29809628078142775,-0.25970418763849856,0.4884998938529657]
[0.179406214205868,-0.11513090501728798,0.5248296899324056]
[0.18114538696815566,0.08484547730440392,0.5312483721310407]
[0.29838184650088045,0.21917055345149125,0.48867457651185975]
[0.493765179099918,0.25275293862815984,0.4902759414921115]
[0.6656946923581774,0.14240287339846605,0.4919338299228958]
[0.7290188488677136,-0.057051168327879626,0.4934716366563272]
[0.4641367154221603,-9.43399822619725e-06,0.6911718029964452]
[0.7479274689490363,-2.1842083778228006e-08,0.488346916158034]
[0.6778920084841796,-0.19279180162116458,0.4888558888894633]
[0.5000614645564777,-0.2953055177202243,0.48875540866351297]
[0.29809628078142775,-0.25970418763849856,0.4884998938529657]
[0.179406214205868,-0.11513090501728798,0.5248296899324056]
[0.18114538696815566,0.08484547730440392,0.5312483721310407]
[0.29838184650088045,0.21917055345149125,0.48867457651185975]
[0.493765179099918,0.25275293862815984,0.4902759414921115]
[0.6656946923581774,0.14240287339846605,0.4919338299228958]
[0.7290188488677136,-0.057051168327879626,0.4934716366563272]
[0.4641367154221603,-9.43399822619725e-06,0.6911718029964452]
[0.7479274689490363,-2.1842083778228006e-08,0.488346916158034]
[0.6778920084841796,-0.19279180162116458,0.4888558888894633]
[0.5000614645564777,-0.2953055177202243,0.48875540866351297]
[0.29809628078142775,-0.25970418763849856,0.4884998938529657]
[0.179406214205868,-0.11513090501728798,0.5248296899324056]
[0.18114538696815566,0.08484547730440392,0.5312483721310407]
[0.29838184650088045,0.21917055345149125,0.48867457651185975]
[0.493765179099918,0.25275293862815984,0.4902759414921115]
[0.6656946923581774,0.14240287339846605,0.4919338299228958]
[0.7290188488677136,-0.057051168327879626,0.4934716366563272]
[0.4641367154221603,-9.43399822619725e-06,0.6911718029964452]
[0.7479274689490363,-2.1842083778228006e-08,0.488346916158034]
[0.6778920084841796,-0.19279180162116458,0.4888558888894633]
[0.5000614645564777,-0.2953055177202243,0.48875540866351297]
[0.29809628078142775,-0.25970418763849856,0.4884998938529657]
[0.179406214205868,-0.11513090501728798,0.5248296899324056]
[0.18114538696815566,0.08484547730440392,0.5312483721310407]
[0.29838184650088045,0.21917055345149125,0.48867457651185975]
[0.493765179099918,0.25275293862815984,0.4902759414921115]
[0.6656946923581774,0.14240287339846605,0.4919338299228958]
[0.7290188488677136,-0.057051168327879626,0.4934716366563272]
[0.4641367154221603,-9.43399822619725e-06,0.6911718029964452]
[0.7479274689490363,-2.1842083778228006e-08,0.488346916158034]
[0.6778920084841796,-0.19279180162116458,0.4888558888894633]
[0.5000614645564777,-0.2953055177202243,0.48875540866351297]
[0.29809628078142775,-0.25970418763849856,0.4884998938529657]
[0.179406214205868,-0.11513090501728798,0.5248296899324056]
[0.18114538696815566,0.08484547730440392,0.5312483721310407]
[0.29838184650088045,0.21917055345149125,0.48867457651185975]
[0.493765179099918,0.25275293862815984,0.4902759414921115]
[0.6656946923581774,0.14240287339846605,0.4919338299228958]
[0.7290188488677136,-0.057051168327879626,0.4934716366563272]
[0.4641367154221603,-9.43399822619725e-06,0.6911718029964452]
[0.7479274689490363,-2.1842083778228006e-08,0.488346916158034]
[0.6778920084841796,-0.19279180162116458,0.4888558888894633]
[0.5000614645564777,-0.2953055177202243,0.48875540866351297]
[0.29809628078142775,-0.25970418763849856,0.4884998938529657]
[0.179406214205868,-0.11513090501728798,0.5248296899324056]
[0.18114538696815566,0.08484547730440392,0.5312483721310407]
[0.29838184650088045,0.21917055345149125,0.48867457651185975]
[0.493765179099918,0.25275293862815984,0.4902759414921115]
[0.6656946923581774,0.14240287339846605,0.4919338299228958]
[0.7290188488677136,-0.057051168327879626,0.4934716366563272]
[0.4641367154221603,-9.43399822619725e-06,0.6911718029964452]
[0.7479274689490363,-2.1842083778228006e-08,0.488346916158034]
[0.6778920084841796,-0.19279180162116458,0.4888558888894633]
[0.5000614645564777,-0.2953055177202243,0.48875540866351297]
[0.29809628078142775,-0.25970418763849856,0.4884998938529657]
[0.179406214205868,-0.11513090501728798,0.5248296899324056]
[0.18114538696815566,0.08484547730440392,0.5312483721310407]
[0.29838184650088045,0.21917055345149125,0.48867457651185975]
[0.493765179099918,0.25275293862815984,0.4902759414921115]
[0.6656946923581774,0.14240287339846605,0.4919338299228958]
[0.7290188488677136,-0.057051168327879626,0.4934716366563272]
[0.4641367154221603,-9.43399822619725e-06,0.6911718029964452]
[0.7479274689490363,-2.1842083778228006e-08,0.488346916158034]
[0.6778920084841796,-0.19279180162116458,0.4888558888894633]
[0.5000614645564777,-0.2953055177202243,0.48875540866351297]
[0.29809628078142775,-0.25970418763849856,0.4884998938529657]
[0.179406214205868,-0.11513090501728798,0.5248296899324056]
[0.18114538696815566,0.08484547730440392,0.5312483721310407]
[0.29838184650088045,0.21917055345149125,0.48867457651185975]
[0.493765179099918,0.25275293862815984,0.4902759414921115]
[0.6656946923581774,0.14240287339846605,0.4919338299228958]
[0.7290188488677136,-0.057051168327879626,0.4934716366563272]
[0.4641367154221603,-9.43399822619725e-06,0.6911718029964452]
[0.7479274689490363,-2.1842083778228006e-08,0.488346916158034]
[0.6778920084841796,-0.19279180162116458,0.4888558888894633]
[0.5000614645564777,-0.2953055177202243,0.48875540866351297]
[0.29809628078142775,-0.25970418763849856,0.4884998938529657]
[0.179406214205868,-0.11513090501728798,0.5248296899324056]
[0.18114538696815566,0.08484547730440392,0.5312483721310407]
[0.29838184650088045,0.21917055345149125,0.48867457651185975]
[0.493765179099918,0.25275293862815984,0.4902759414921115]
[0.6656946923581774,0.14240287339846605,0.4919338299228958]
[0.7290188488677136,-0.057051168327879626,0.4934716366563272]
[0.4641367154221603,-9.43399822619725e-06,0.6911718029964452]
[0.7479274689490363,-2.1842083778228006e-08,0.488346916158034]
[0.6778920084841796,-0.19279180162116458,0.4888558888894633]
[0.5000614645564777,-0.2953055177202243,0.48875540866351297]
[0.29809628078142775,-0.25970418763849856,0.4884998938529657]
[0.179406214205868,-0.11513090501728798,0.5248296899324056]
[0.18114538696815566,0.08484547730440392,0.5312483721310407]
[0.29838184650088045,0.21917055345149125,0.48867457651185975]
[0.493765179099918,0.25275293862815984,0.4902759414921115]
[0.6656946923581774,0.14240287339846605,0.4919338299228958]
[0.7290188488677136,-0.057051168327879626,0.4934716366563272]
---------------------------------------------------------------------------------------------------------------------------------------------------------
## END OF 11/23/2022 1:12AM RUN ########################################################################################################################
---------------------------------------------------------------------------------------------------------------------------------------------------------